1.КАСУ ТП.0 0 0 0
2.Главная схема.0 0 0 0
2.Нагрузка ГЭС.0 1 0 0
2.Выборка ЭЭ.0 2 0 0
1.САУ ГА.1 0 0 0
2.Обзор ГА.1 0 0 0
2.ГА-1.1 1 0 0
3.Главная.1 1 0 0
3.Защиты.1 1 1 0
3.Электросхемы.1 1 2 0
3.ТК ПП.1 1 3 0
3.ТК ОВ.1 1 4 0
3.ТК ТП.1 1 5 0
3.ТК Статор.1 1 6 0
3.ТК ВНП.1 1 7 0
3.ТК ННП.1 1 8 0
3.Виброконтроль.1 1 9 0
3.ТВС.1 1 10 0
3.РЧВ.1 1 11 0
3.СК.1 1 12 0
3.АСУ.1 1 13 0
4.Модули.1 1 13 0
4.AI.1 1 13 1
4.DI.1 1 13 2
4.SPR.1 1 13 3
4.SPX.1 1 13 4
2.ГА-2.1 2 0 0
2.ГА-3.1 3 0 0
1.СОТИ АССО.2 0 0 0
2.Мнемосхемы.2 0 0 0
2.Таблицы.2 1 0 0
1.РУ.3 0 0 0
2.ОПУ.3 0 0 0
2.ОПУ 2.3 1 0 0
2.ЗРУ.3 2 0 0
2.КРУ.3 2 0 0
2.ГРУ.3 3 0 0
1.СН.4 0 0 0
2.ШОРТ 1.4 0 0 0
2.ШОРТ 2.4 1 0 0
2.ШОРТ 3.4 2 0 0
2.ШОРТ 5.4 3 0 0
2.ШОРТ 6.4 4 0 0
2.СОПТ ХПС.4 5 0 0
2.ОПУ 1.4 6 0 0
2.ОПУ 2,1-2,2.4 7 0 0
2.ОПУ 2-3.4 8 0 0
2.ШГП ОПУ.4 9 0 0
2.ШГП ХПС.4 10 0 0
2.0,4кВ ХПС.4 11 0 0
1.ГТИ.5 0 0 0
1.ВО.6 0 0 0
2.АУТР.6 0 0 0
2.Вентиляция.6 1 0 0
2.КНД.6 2 0 0
2.Канализация.6 3 0 0
2.ШУДН.6 4 0 0
2.ШУОП.6 5 0 0
2.Охл ТН.6 6 0 0
1.СГП.7 0 0 0
2.Здание ГЭС. 7 0 0 0
2.ОПУ. 7 1 0 0
1.Диагностика.8 0 0 0
2.Шкафов.8 0 0 0
2.Обрудования.8 1 0 0
2.Связей ВУ.8 2 0 0
1.Водоводы.9 0 0 0
1.ГУ.10 0 0 0
1.НУ.11 0 0 0

